4	0.2706
5	0.1891
6	0.1438
7	0.1005
8	0.1263
9	0.1701
10	0.2203
11	0.172
12	0.1661
13	0.204
14	0.2807
15	0.3051
16	0.382
17	0.4749
18	0.5247
19	0.5967
20	0.4894
21	0.5032
22	0.4178
23	0.5046
24	0.4191
25	0.4105
26	0.3615
27	0.2522
28	0.2015
29	0.2176
30	0.1861
31	0.1597
32	0.1644
33	0.1261
34	0.1959
35	0.2
36	0.1943
37	0.1607
38	0.1075
39	0.1
40	0.0973
41	0.1123
42	0.1686
43	0.1663
44	0.1233
45	0.1134
46	0.0992
47	0.0744
48	0.088
49	0.0962
50	0.1018
51	0.0996
52	0.1019
53	0.1051
54	0.0995
55	0.082
56	0.0737
57	0.0804
58	0.087
59	0.0685
60	0.0687
61	0.0606
62	0.0899
63	0.1868
64	0.1165
65	0.0674
66	0.0615
67	0.058
68	0.0547
69	0.0601
70	0.0593
71	0.0728
72	0.1008
73	0.1077
74	0.1
75	0.1026
76	0.0854
77	0.0682
78	0.0671
79	0.0628
80	0.0796
81	0.1096
82	0.1184
83	0.0982
84	0.1042
85	0.139
86	0.1138
87	0.0783
88	0.0568
89	0.0522
90	0.0473
91	0.0522
92	0.0536
93	0.0507
94	0.0463
95	0.0472
96	0.0487
97	0.0526
98	0.0664
99	0.0821
100	0.1032
101	0.144
102	0.1461
103	0.1278
104	0.1028
105	0.0694
106	0.062
107	0.0718
108	0.1021
109	0.1149
110	0.145
111	0.2022
112	0.1602
113	0.1383
114	0.0695
115	0.0914
116	0.0493
117	0.045
118	0.0437
119	0.0471
120	0.0528
121	0.0511
122	0.0485
123	0.0573
124	0.0668
125	0.0799
127	0.1103
128	0.1146
129	0.1431
130	0.1496
131	0.1301
132	0.1669
133	0.169
134	0.1262
135	0.1473
136	0.1898
137	0.1732
138	0.1747
139	0.1134
140	0.0913
141	0.0699
142	0.0608
143	0.0512
144	0.0497
145	0.0491
146	0.0461
147	0.0453
148	0.0482
149	0.0765
150	0.0822
151	0.1157
152	0.1075
153	0.1005
154	0.1419
155	0.1896
156	0.2135
157	0.1762
158	0.1386
159	0.131
160	0.1243
161	0.1017
162	0.1246
163	0.1571
164	0.1165
165	0.1372
166	0.1303
167	0.0824
168	0.0732
169	0.078
170	0.0881
171	0.1011
172	0.0894
173	0.1103
174	0.1138
175	0.1169
176	0.1067
177	0.1431
178	0.1537
179	0.1416
180	0.141
181	0.1996
182	0.2014
183	0.1698
184	0.1222
185	0.1303
186	0.1185
187	0.1191
188	0.1044
189	0.0857
190	0.079
191	0.049
192	0.0501
193	0.0583
194	0.0659
195	0.0741
196	0.0854
197	0.1188
198	0.1577
199	0.1956
200	0.2214
201	0.2542
202	0.2584
203	0.1674
204	0.1533
205	0.1437
206	0.1163
207	0.0737
208	0.0582
209	0.0493
210	0.0492
211	0.0483
212	0.0505
213	0.0676
214	0.082
215	0.0689
216	0.0652
217	0.0852
218	0.0711
219	0.0788
220	0.0853
221	0.0852
222	0.0817
223	0.0765
224	0.0796
225	0.0782
226	0.071
227	0.0771
228	0.0837
229	0.0714
230	0.0747
231	0.1066
232	0.1115
233	0.1392
234	0.2077
235	0.2191
236	0.1741
237	0.1582
238	0.1176
239	0.109
240	0.091
241	0.0823
242	0.0916
243	0.076
244	0.0717
245	0.0719
246	0.0873
247	0.0917
248	0.1049
249	0.1005
250	0.169
251	0.1894
252	0.2675
253	0.2593
254	0.2167
255	0.1668
256	0.1018
257	0.0824
258	0.0683
259	0.0766
260	0.1397