4	22.64
5	15.91
6	14.01
7	13.7
8	20.03
9	24.58
10	21.7
11	16.7
12	13.77
13	13.04
14	15.2
15	12.42
16	9.66
17	10.49
18	13.08
19	14.32
20	13.32
21	13.72
22	14.25
23	13.99
24	15.69
25	15.75
26	15.59
27	11.21
28	7.42
29	4.67
30	5.45
31	6.56
32	9.26
33	11.99
34	14.45
35	15
36	17.71
37	17.39
38	17.95
39	20.59
40	22.52
41	23.93
42	24.78
43	25.86
44	25.8
45	23.31
46	19.83
47	16.64
48	15.54
49	15.87
50	15.44
51	14.98
52	19.74
53	18.4
54	14.67
55	12.82
56	10.5
57	12.53
58	12.52
59	10.54
60	10.92
61	10.41
62	11.1
63	10.34
64	11.75
65	8.81
66	7.12
67	7.14
68	8.68
69	8.96
70	8.79
71	11.38
72	13.6
73	18.12
74	20.61
75	21.58
76	21.58
77	16.7
78	14.01
79	13.46
80	15.39
81	15.3
82	16.07
83	16.19
84	17.05
85	22.26
86	20.75
87	17.12
88	11.94
89	9.43
90	5.7
91	5.51
92	4.94
93	4.44
94	4.6
95	5.23
96	5.02
97	6.48
98	7.41
99	10.42
100	13.24
101	12.62
102	11.58
103	9.9
104	6.05
105	5.05
106	4.77
107	5.91
108	8.98
109	7.81
110	11.12
111	14.05
112	12.17
113	11.45
114	9.12
115	5.89
116	5.77
117	4.33
118	3.24
119	3.68
120	3.89
121	4.24
122	5.21
123	6.6
124	7.1
125	8.95
127	16.49
128	14.55
129	14.77
130	14.86
131	12.25
132	10.9
133	10.93
134	10.75
135	13.14
136	17.1
137	15.22
138	12.9
139	11.07
140	9.22
141	6.85
142	6.82
143	6.44
144	8.06
145	6.41
146	6.17
147	6.31
148	7.36
149	11.89
150	12.4
151	13.12
152	14.23
153	14.39
154	14.48
155	15.1
156	14.64
157	11.97
158	10.98
159	12.6
160	9.68
161	11.4
162	14.42
163	13.88
164	15.39
165	20.93
166	19.23
167	14.95
168	14.02
169	12.86
170	13.63
171	14.68
172	15.13
173	15.05
174	14.19
175	15.38
176	14.42
177	11.42
178	9.79
179	9.17
180	10.8
181	10.51
182	11.12
183	11.94
184	10.75
185	10.78
186	11.76
187	14.17
188	12.98
189	11.43
190	9.51
191	7.87
192	6.93
193	6.5
194	6.29
195	7.13
196	6.11
197	6.63
198	6.69
199	5.52
200	6.38
201	7.21
202	8.85
203	8.02
204	8.27
205	8.54
206	8.56
207	6.46
208	6.21
209	6.25
210	6.64
211	6.87
212	6.08
213	9.3
214	9.97
215	9.59
216	9.81
217	13.96
218	14.55
219	13.96
220	14.32
221	14.29
222	11.3
223	13.3
224	14.45
225	13.76
226	11.37
227	10.71
228	13.27
229	14
230	12.48
231	13.03
232	14.32
233	17.84
234	22.31
235	25.45
236	26.09
237	24.15
238	22.31
239	20.05
240	13.59
241	9.07
242	8.13
243	8.37
244	7.37
245	7.58
246	6.88
247	8.02
248	8.92
249	9.69
250	12.18
251	14.33
252	19.71
253	24.66
254	17.23
255	17.77
256	12.82
257	10.11
258	10.26
259	9.8
260	14.53